Try to count from 1 to 150.
I will start

1
2
3
4
5
6

8

10
<<<<<<< HEAD

12

22

24

26

28

30






























































































=======
>>>>>>> 503fa8f1578a1d94ed62e4fc02736c56d31ef2c7

12





22

<<<<<<< HEAD









151
152
153
154
155
156
157
158
159
160
161
162
163
164
165
166
167
168
169
170
171
172
173
174
175
176
177
178
179
180
181
182
183
184
185
186
187
188
189
190
191
192
193
194
195
196
197
198
199
200
=======
24

26

28

30

32

34

36

38

40
>>>>>>> 503fa8f1578a1d94ed62e4fc02736c56d31ef2c7
